0000000000000000000000000000000000000000000000000000000000000000000000000000000000000000000000000000000000000000000000000000000000000000000000000000000000000000000000000000000
0000000000000000000000000000000000000000000000000000000000000000000000000000000000000000000000000000000000000000000000000000000000000000000000000000000000000000000000000000000
0000000000000000000000000000000000000000000000000000000000000000000000000000000000000000000000000000000000000000000000000000000000000000000000000000000000000000000000000000000
0000000000000000000000000000000000000000000000000000000000000000000000000000000000000000000000000000000000000000000000000000000000000000000000000000000000000000000000000000000
0000000000000000000000000000000000000000000000000000000000000000000000000000000000000000000000000000000000000000000000000000000000000000000000000000000000000000000000000000000
0000000000000000000000000000000000000000000000000000000000000000000000000000000000000000000000000000000000000000000000000000000000000000000000000000000000000000000000000000000
0000000000000000000000000000000000000000000000000000000000000000000000000000000000000000000000000000000000000000000000000000000000000000000000000000000000000000000000000000000
0000000000000000000000000000000000000000000000000000000000000000000000000000000000000000000000000000000000000000000000000000000000000000000000000000000000000000000000000000000
0000000000000000000000000000000000000000000000000000000000000000000000000000000000000000000000000000000000000000000000000000000000000000000000000000000000000000000000000000000
0000000000000000000000000000000000000000000000000000000000000000000000000000000000000000000000000000000000000000000000000000000000000000000000000000000000000000000000000000000
0000000000000000000000000000000000000000000000000000000000000000000000000000000000000000000000000000000000000000000000000000000000000000000000000000000000000000000000000000000
0000000000000000000000000000000000000000000000000000000000000000000000000000000000000000000000000000000000000000000000000000000000000000000000000000000000000000000000000000000
0000000000000000000000000000000000000000000000000000000000000000000000000000000000000000000000000000000000000000000000000000000000000000000000000000000000000000000000000000000
0000000000000000000000000000000000000000000000000000000000000000000000000000000000000000000000000000000000000000000000000000000000000000000000000000000000000000000000000000000
0000000000000000000000000000000000000000000000000000000000000000000000000000000000000000000000000000000000000000000000000000000000000000000000000000000000000000000000000000000
0000000000000000000000000000000000000000000000000000000000000000000111111111111111111111111111111111111111111100000000000000000000000000000000000000000000000000000000000000000
0000000000000000000000000000000000000000000000000000000000000000011111111111111111111111111111111111111111111111000000000000000000000000000000000000000000000000000000000000000
0000000000000000000000000000000000000000000000000000000000000001111111111111111111111111111111111111111111111111110000000000000000000000000000000000000000000000000000000000000
0000000000000000000000000000000000000000000000000000000000000111111111111111111111111111111111111111111111111111111100000000000000000000000000000000000000000000000000000000000
0000000000000000000000000000000000000000000000000000000000011111111111111111111111111111111111111111111111111111111111000000000000000000000000000000000000000000000000000000000
0000000000000000000000000000000000000000000000000000000001111111111111111111111111111111111111111111111111111111111111110000000000000000000000000000000000000000000000000000000
0000000000000000000000000000000000000000000000000000000111111111111111111111111111111111111111111111111111222222222222221100000000000000000000000000000000000000000000000000000
0000000000000000000000000000000000000000000000000000011111111111111111111111111111111111111111222222222222222222222222222211000000000000000000000000000000000000000000000000000
0000000000000000000000000000000000000000000000000001111111111111111111111111112222222222222222222222222222222222222222222221110000000000000000000000000000000000000000000000000
0000000000000000000000000000000000000000000000000111111111111111122222222222222222222222222222222222222222222222222222222222221100000000000000000000000000000000000000000000000
0000000000000000000000000000000000000000000000011111111111122222222222222222222222222222222222222222222222222222222222222222222211000000000000000000000000000000000000000000000
0000000000000000000000000000000000000000000001111111111112222222222222222222222222222222222222222222222222222222222222222222222222110000000000000000000000000000000000000000000
0000000000000000000000000000000000000000000111111111122222222222222222222222222222222222222222222222222222222222222222222222222222221100000000000000000000000000000000000000000
0000000000000000000000000000000000000000011111111111122222222222222222222222222222222222222222222222222222222222222222222222222222222110000000000000000000000000000000000000000
0000000000000000000000000000000000000001111111111111222222222222222222222222222222222222222222222222222222222222222222222222222222222221100000000000000000000000000000000000000
0000000000000000000000000000000000000111111111111112222222222222222222222222222222222222222222222222222222222222222222222222222222222222211000000000000000000000000000000000000
0000000000000000000000000000000000011111111111112222222222222222222222222222222222222222222222222222222222222222222222222222222222222222222110000000000000000000000000000000000
0000000000000000000000000000000001111111111111222222222222222222222222222222222222222222222222222222222222222222222222222222222222222222222221100000000000000000000000000000000
0000000000000000000000000000000111111111111222222222222222222222222222222222222222222222222222222222222222222222222222222222222222222222222221111000000000000000000000000000000
0000000000000000000000000000011111111111122222222222222222222222222222222222222222222222222222222222222222222222222222222222222222222222222222222110000000000000000000000000000
0000000000000000000000000001111111111122222222222222222222222222222222222222222222222222222222222222222222222222222222222222222222222222222222222111100000000000000000000000000
0000000000000000000000000111111111112222222222222222222222222222222222222222222222222222222222222222222222222222222222222222222222222222222222222111111000000000000000000000000
0000000000000000000000011111111112222222222222222222222222222222222222222222222222222222222222222222222222222222222222222222222222222222222222222111111110000000000000000000000
0000000000000000000001111111111222222222222222222222222222222222222200000000000000003333333333300000000000000022222222222222222222222222222222222211111111000000000000000000000
0000000000000000000001111111112222222222222222222222222222222222222200000000000000003333333333300000000000000022222222222222222222222222222222222211111111000000000000000000000
000000000000000000000111111111222222222222222222222222222222222222220033bbabb3333333333333333333333333nmnnn30022222222222222222222222222222222222211111111000000000000000000000
000000000000000000000111111112222222222222222222222222222222222222220033bbbbb3333333333333333333333333nnnnn30022222222222222222222222222222222222211111111000000000000000000000
0000000000000000000001111111122222222222222222222222222222222222222200ddbbbbb33333333333333333333333333333330022222222222222222222222222222222222211111111000000000000000000000
0000000000000000000001111111122222222222222222222222222222222222222200cdd333333333333333333333333333333333330022222222222222222222222222222222222211111111000000000000000000000
0000000000000000000001111111122222222222222222222222222222222222222200ddd333333333333333333333333333333333330022222222222222222222222222222222222211111111000000000000000000000
0000000000000000000001111111112222222222222222222222222222222222222200ddd333333333333333333333333333333333330022222222222222222222222222222222222211111111000000000000000000000
0000000000000000000001111111112222222222222222222222222222222222222200fff33333333333333333333333333333333lll0022222222222222222222222222222222222211111111000000000000000000000
0000000000000000000001111111111222222222222222222222222222222222222200fff33333333333333333333333333333333lll0022222222222222222222222222222222222211111111000000000000000000000
0000000000000000000001111111111222222222222222222222222222222222222200eff33333333333333333333333333333333llk0022222222222222222222222222222222222211111111000000000000000000000
0000000000000000000001111111111122222222222222222222222222222222222200fff33333333333333333333333333333333lll0022222222222222222222222222222222222211111111000000000000000000000
0000000000000000000001111111111122222222222222222222222222222222222200fff33333333333333333333333333333333lll0022222222222222222222222222222222222211111111000000000000000000000
0000000000000000000001111111111122222222222222222222222222222222222200333hhhhh33333333333333333333jjjjj333330022222222222222222222222222222222222211111111000000000000000000000
0000000000000000000001111111111112222222222222222222222222222222222200333hhhhh33333333333333333333jjjjj333330022222222222222222222222222222222222211111111000000000000000000000
0000000000000000000001111111111112222222222222222222222222222222222200333hhghh33333333333333333333jjijj333330022222222222222222222222222222222222211111111000000000000000000000
0000000000000000000001111111111112222222222222222222222222222222222200000000000000000000000000000000000000000022222222222222222222222222222222222211111111000000000000000000000
0000000000000000000001111111111111222222222222222222222222222222222200000000000000000000000000000000000000000022222222222222222222222222222222222211111111000000000000000000000
0000000000000000000000011111111111111222222222222222222222222222222222222222222222222222222222222222222222222222222222222222222222222222222222222211111100000000000000000000000
0000000000000000000000000111111111111111222222222222222222222222222222222222222222222222222222222222222222222222222222222222222222222222222222222211110000000000000000000000000
0000000000000000000000000001111111111111111112222222222222222222222222222222222222222222222222222222222222222222222222222222222222222222222222221111000000000000000000000000000
0000000000000000000000000000011111111111111111112222222222222222222222222222222222222222222222222222222222222222222222222222222222222222222222111100000000000000000000000000000
0000000000000000000000000000000111111111111111111111111222222222222222222222222222222222222222222222222222222222222222222222222222222222221111110000000000000000000000000000000
0000000000000000000000000000000001111111111111111111111111112222222222222222222222222222222222222222222222222222222222222222222222222222211111000000000000000000000000000000000
0000000000000000000000000000000000011111111111111111111111111111111112222222222222222222222222222222222222222222222222222221111111111111111100000000000000000000000000000000000
0000000000000000000000000000000000000111111111111111111111111111111111122222222222222222222222222222222222222222222222211111111111111111110000000000000000000000000000000000000
0000000000000000000000000000000000000001111111111111111111111111111111111111111111111112222222222222222222222211111111111111111111111111000000000000000000000000000000000000000
0000000000000000000000000000000000000000011111111111111111111111111111111111111111111111111111111111111111111111111111111111111111111100000000000000000000000000000000000000000
0000000000000000000000000000000000000000000111111111111111111111111111111111111111111111111111111111111111111111111111111111111111110000000000000000000000000000000000000000000
0000000000000000000000000000000000000000000001111111111111111111111111111111111111111111111111111111111111111111111111111111111111000000000000000000000000000000000000000000000
0000000000000000000000000000000000000000000000011111111111111111111111111111111111111111111111111111111111111111111111111111111100000000000000000000000000000000000000000000000
0000000000000000000000000000000000000000000000000111111111111111111111111111111111111111111111111111111111111111111111111111110000000000000000000000000000000000000000000000000
0000000000000000000000000000000000000000000000000001111111111111111111111111111111111111111111111111111111111111111111111111000000000000000000000000000000000000000000000000000
0000000000000000000000000000000000000000000000000000011111111111111111111111111111111111111111111111111111111111111111111100000000000000000000000000000000000000000000000000000
0000000000000000000000000000000000000000000000000000000111111111111111111111111111111111111111111111111111111111111111110000000000000000000000000000000000000000000000000000000
0000000000000000000000000000000000000000000000000000000001111111111111111111111111111111111111111111111111111111111111000000000000000000000000000000000000000000000000000000000
0000000000000000000000000000000000000000000000000000000000011111111111111111111111111111111111111111111111111111111100000000000000000000000000000000000000000000000000000000000
0000000000000000000000000000000000000000000000000000000000000111111111111111111111111111111111111111111111111111110000000000000000000000000000000000000000000000000000000000000
0000000000000000000000000000000000000000000000000000000000000001111111111111111111111111111111111111111111111111000000000000000000000000000000000000000000000000000000000000000
0000000000000000000000000000000000000000000000000000000000000000011111111111111111111111111111111111111111111100000000000000000000000000000000000000000000000000000000000000000
0000000000000000000000000000000000000000000000000000000000000000000000000000000000000000000000000000000000000000000000000000000000000000000000000000000000000000000000000000000
0000000000000000000000000000000000000000000000000000000000000000000000000000000000000000000000000000000000000000000000000000000000000000000000000000000000000000000000000000000
0000000000000000000000000000000000000000000000000000000000000000000000000000000000000000000000000000000000000000000000000000000000000000000000000000000000000000000000000000000
0000000000000000000000000000000000000000000000000000000000000000000000000000000000000000000000000000000000000000000000000000000000000000000000000000000000000000000000000000000
0000000000000000000000000000000000000000000000000000000000000000000000000000000000000000000000000000000000000000000000000000000000000000000000000000000000000000000000000000000
0000000000000000000000000000000000000000000000000000000000000000000000000000000000000000000000000000000000000000000000000000000000000000000000000000000000000000000000000000000
0000000000000000000000000000000000000000000000000000000000000000000000000000000000000000000000000000000000000000000000000000000000000000000000000000000000000000000000000000000
0000000000000000000000000000000000000000000000000000000000000000000000000000000000000000000000000000000000000000000000000000000000000000000000000000000000000000000000000000000
0000000000000000000000000000000000000000000000000000000000000000000000000000000000000000000000000000000000000000000000000000000000000000000000000000000000000000000000000000000
0000000000000000000000000000000000000000000000000000000000000000000000000000000000000000000000000000000000000000000000000000000000000000000000000000000000000000000000000000000
0000000000000000000000000000000000000000000000000000000000000000000000000000000000000000000000000000000000000000000000000000000000000000000000000000000000000000000000000000000
0000000000000000000000000000000000000000000000000000000000000000000000000000000000000000000000000000000000000000000000000000000000000000000000000000000000000000000000000000000
0000000000000000000000000000000000000000000000000000000000000000000000000000000000000000000000000000000000000000000000000000000000000000000000000000000000000000000000000000000
0000000000000000000000000000000000000000000000000000000000000000000000000000000000000000000000000000000000000000000000000000000000000000000000000000000000000000000000000000000
0000000000000000000000000000000000000000000000000000000000000000000000000000000000000000000000000000000000000000000000000000000000000000000000000000000000000000000000000000000