0000000000000000000000000000000000000000000000000000000000000000000000000000000000000000000000000000000000000000000000000000000000000000000000000000000000000000000000000000000
0000000000000000000000000000000000000000000000000000000000000000000000000000000000000000000000000000000000000000000000000000000000000000000000000000000000000000000000000000000
0000000000000000000000000000000000000000000000000000000000000000000000000000000000000000000000000000000000000000000000000000000000000000000000000000000000000000000000000000000
0000000000000000000000000000000000000000000000000000000000000000000000000000000000000000000000000000000000000000000000000000000000000000000000000000000000000000000000000000000
0000000000000000000000000000000000000000000000000000000000000000000000000000000000000000000000000000000000000000000000000000000000000000000000000000000000000000000000000000000
0000000000000000000000000000000000000000000000000000000000000000000000000000000000000000000000000000000000000000000000000000000000000000000000000000000000000000000000000000000
0000000000000000000000000000000000000000000000000000000000000000000000000000000000000000000000000000000000000000000000000000000000000000000000000000000000000000000000000000000
0000000000000000000000000000000000000000000000000000000000000000000000000000000000000000000000000000000000000000000000000000000000000000000000000000000000000000000000000000000
0000000000000000000000000000000000000000000000000000000000000000000000000000000000000000000000000000000000000000000000000000000000000000000000000000000000000000000000000000000
0000000000000000000000000000000000000000000000000000000000000000000000000000000000000000000000000000000000000000000000000000000000000000000000000000000000000000000000000000000
0000000000000000000000000000000000000000000000000000000000000000000000000000000000000000000000000000000000000000000000000000000000000000000000000000000000000000000000000000000
0000000000000000000000000000000000000000000000000000000000000000000000000000000000000000000000000000000000000000000000000000000000000000000000000000000000000000000000000000000
0000000000000000000000000000000000000000000000000000000000000000000000000000000000000000000000000000000000000000000000000000000000000000000000000000000000000000000000000000000
0000000000000000000000000000000000000000000000000000000000000000000000000000000000000000000000000000000000000000000000000000000000000000000000000000000000000000000000000000000
0000000000000000000000000000000000000000000000000000000000000000000000000000000000000000000000000000000000000000000000000000000000000000000000000000000000000000000000000000000
0000000000000000000000000000000000000000000000000000000000000000000111111111111111111111111111111111111111111100000000000000000000000000000000000000000000000000000000000000000
0000000000000000000000000000000000000000000000000000000000000000011111111111111111111111111111111111111111111111000000000000000000000000000000000000000000000000000000000000000
0000000000000000000000000000000000000000000000000000000000000001111111111111111111111111111111111111111111111111110000000000000000000000000000000000000000000000000000000000000
0000000000000000000000000000000000000000000000000000000000000111111111111111111111111111111111111111111111111111111100000000000000000000000000000000000000000000000000000000000
0000000000000000000000000000000000000000000000000000000000011111111111111111111111111111111111111111111111111111111111000000000000000000000000000000000000000000000000000000000
0000000000000000000000000000000000000000000000000000000001111111111111111111111111111111111111111111111111111111111111110000000000000000000000000000000000000000000000000000000
0000000000000000000000000000000000000000000000000000000111111111111111111111111111111111111111111111111111222222222222221100000000000000000000000000000000000000000000000000000
0000000000000000000000000000000000000000000000000000011111111111111111111111111111111111111111222222222222222222222222222211000000000000000000000000000000000000000000000000000
0000000000000000000000000000000000000000000000000001111111111111111111111111112222222222222222222222222222222222222222222221110000000000000000000000000000000000000000000000000
0000000000000000000000000000000000000000000000000111111111111111122222222222222222222222222222222222222222222222222222222222221100000000000000000000000000000000000000000000000
0000000000000000000000000000000000000000000000011111111111122222222222222222222222222222222222222222222222222222222222222222222211000000000000000000000000000000000000000000000
0000000000000000000000000000000000000000000001111111111112222222222222222222222222222222222222222222222222222222222222222222222222110000000000000000000000000000000000000000000
0000000000000000000000000000000000000000000111111111122222222222222222222222222222222222222222222222222222222222222222222222222222221100000000000000000000000000000000000000000
0000000000000000000000000000000000000000011111111111122222222222222222222222222222222222222222222222222222222222222222222222222222222110000000000000000000000000000000000000000
0000000000000000000000000000000000000001111111111111222222222222222222222222222222222222222222222222222222222222222222222222222222222221100000000000000000000000000000000000000
0000000000000000000000000000000000000111111111111112222222222222222222222222222222222222222222222222222222222222222222222222222222222222211000000000000000000000000000000000000
0000000000000000000000000000000000011111111111112222222222222222222222222222222222222222222222222222222222222222222222222222222222222222222110000000000000000000000000000000000
0000000000000000000000000000000001111111111111222222222222222222222222222222222222222222222222222222222222222222222222222222222222222222222221100000000000000000000000000000000
0000000000000000000000000000000111111111111222222222222222222222222222222222222222222222222222222222222222222222222222222222222222222222222221111000000000000000000000000000000
0000000000000000000000000000011111111111122222222222222222222222222222222222222222222222222222222222222222222222222222222222222222222222222222222110000000000000000000000000000
0000000000000000000000000001111111111122222222222222222222222222222222222222222222222222222222222222222222222222222222222222222222222222222222222111100000000000000000000000000
0000000000000000000000000111111111112222222222222222222222222222222222222222222222222222222222222222222222222222222222222222222222222222222222222111111000000000000000000000000
0000000000000000000000011111111112222222222222222222222222222222222222222222222222222222222222222222222222222222222222222222222222222222222222222111111110000000000000000000000
0000000000000000000001111111111222222222222222222222222222222222222200000000000000003333333333300000000000000022222222222222222222222222222222222211111111000000000000000000000
0000000000000000000001111111112222222222222222222222222222222222222200000000000000003333333333300000000000000022222222222222222222222222222222222211111111000000000000000000000
00000000000000000000011111111122222222222222222222222222222222222222003333a3333333333333333333333333333m33330022222222222222222222222222222222222211111111000000000000000000000
0000000000000000000001111111122222222222222222222222222222222222222200333333333333333333333333333333333333330022222222222222222222222222222222222211111111000000000000000000000
0000000000000000000001111111122222222222222222222222222222222222222200333333333333333333333333333333333333330022222222222222222222222222222222222211111111000000000000000000000
0000000000000000000001111111122222222222222222222222222222222222222200b33333333333333333333333333333333333330022222222222222222222222222222222222211111111000000000000000000000
0000000000000000000001111111122222222222222222222222222222222222222200333333333333333333333333333333333333330022222222222222222222222222222222222211111111000000000000000000000
0000000000000000000001111111112222222222222222222222222222222222222200333333333333333333333333333333333333330022222222222222222222222222222222222211111111000000000000000000000
0000000000000000000001111111112222222222222222222222222222222222222200333333333333333333333333333333333333330022222222222222222222222222222222222211111111000000000000000000000
0000000000000000000001111111111222222222222222222222222222222222222200333333333333333333333333333333333333330022222222222222222222222222222222222211111111000000000000000000000
0000000000000000000001111111111222222222222222222222222222222222222200c333333333333333333333333333333333333f0022222222222222222222222222222222222211111111000000000000000000000
0000000000000000000001111111111122222222222222222222222222222222222200333333333333333333333333333333333333330022222222222222222222222222222222222211111111000000000000000000000
0000000000000000000001111111111122222222222222222222222222222222222200333333333333333333333333333333333333330022222222222222222222222222222222222211111111000000000000000000000
0000000000000000000001111111111122222222222222222222222222222222222200333333333333333333333333333333333333330022222222222222222222222222222222222211111111000000000000000000000
0000000000000000000001111111111112222222222222222222222222222222222200333333333333333333333333333333333333330022222222222222222222222222222222222211111111000000000000000000000
000000000000000000000111111111111222222222222222222222222222222222220033333d333333333333333333333333e33333330022222222222222222222222222222222222211111111000000000000000000000
0000000000000000000001111111111112222222222222222222222222222222222200000000000000000000000000000000000000000022222222222222222222222222222222222211111111000000000000000000000
0000000000000000000001111111111111222222222222222222222222222222222200000000000000000000000000000000000000000022222222222222222222222222222222222211111111000000000000000000000
0000000000000000000000011111111111111222222222222222222222222222222222222222222222222222222222222222222222222222222222222222222222222222222222222211111100000000000000000000000
0000000000000000000000000111111111111111222222222222222222222222222222222222222222222222222222222222222222222222222222222222222222222222222222222211110000000000000000000000000
0000000000000000000000000001111111111111111112222222222222222222222222222222222222222222222222222222222222222222222222222222222222222222222222221111000000000000000000000000000
0000000000000000000000000000011111111111111111112222222222222222222222222222222222222222222222222222222222222222222222222222222222222222222222111100000000000000000000000000000
0000000000000000000000000000000111111111111111111111111222222222222222222222222222222222222222222222222222222222222222222222222222222222221111110000000000000000000000000000000
0000000000000000000000000000000001111111111111111111111111112222222222222222222222222222222222222222222222222222222222222222222222222222211111000000000000000000000000000000000
0000000000000000000000000000000000011111111111111111111111111111111112222222222222222222222222222222222222222222222222222221111111111111111100000000000000000000000000000000000
0000000000000000000000000000000000000111111111111111111111111111111111122222222222222222222222222222222222222222222222211111111111111111110000000000000000000000000000000000000
0000000000000000000000000000000000000001111111111111111111111111111111111111111111111112222222222222222222222211111111111111111111111111000000000000000000000000000000000000000
0000000000000000000000000000000000000000011111111111111111111111111111111111111111111111111111111111111111111111111111111111111111111100000000000000000000000000000000000000000
0000000000000000000000000000000000000000000111111111111111111111111111111111111111111111111111111111111111111111111111111111111111110000000000000000000000000000000000000000000
0000000000000000000000000000000000000000000001111111111111111111111111111111111111111111111111111111111111111111111111111111111111000000000000000000000000000000000000000000000
0000000000000000000000000000000000000000000000011111111111111111111111111111111111111111111111111111111111111111111111111111111100000000000000000000000000000000000000000000000
0000000000000000000000000000000000000000000000000111111111111111111111111111111111111111111111111111111111111111111111111111110000000000000000000000000000000000000000000000000
0000000000000000000000000000000000000000000000000001111111111111111111111111111111111111111111111111111111111111111111111111000000000000000000000000000000000000000000000000000
0000000000000000000000000000000000000000000000000000011111111111111111111111111111111111111111111111111111111111111111111100000000000000000000000000000000000000000000000000000
0000000000000000000000000000000000000000000000000000000111111111111111111111111111111111111111111111111111111111111111110000000000000000000000000000000000000000000000000000000
0000000000000000000000000000000000000000000000000000000001111111111111111111111111111111111111111111111111111111111111000000000000000000000000000000000000000000000000000000000
0000000000000000000000000000000000000000000000000000000000011111111111111111111111111111111111111111111111111111111100000000000000000000000000000000000000000000000000000000000
0000000000000000000000000000000000000000000000000000000000000111111111111111111111111111111111111111111111111111110000000000000000000000000000000000000000000000000000000000000
0000000000000000000000000000000000000000000000000000000000000001111111111111111111111111111111111111111111111111000000000000000000000000000000000000000000000000000000000000000
0000000000000000000000000000000000000000000000000000000000000000011111111111111111111111111111111111111111111100000000000000000000000000000000000000000000000000000000000000000
0000000000000000000000000000000000000000000000000000000000000000000000000000000000000000000000000000000000000000000000000000000000000000000000000000000000000000000000000000000
0000000000000000000000000000000000000000000000000000000000000000000000000000000000000000000000000000000000000000000000000000000000000000000000000000000000000000000000000000000
0000000000000000000000000000000000000000000000000000000000000000000000000000000000000000000000000000000000000000000000000000000000000000000000000000000000000000000000000000000
0000000000000000000000000000000000000000000000000000000000000000000000000000000000000000000000000000000000000000000000000000000000000000000000000000000000000000000000000000000
0000000000000000000000000000000000000000000000000000000000000000000000000000000000000000000000000000000000000000000000000000000000000000000000000000000000000000000000000000000
0000000000000000000000000000000000000000000000000000000000000000000000000000000000000000000000000000000000000000000000000000000000000000000000000000000000000000000000000000000
0000000000000000000000000000000000000000000000000000000000000000000000000000000000000000000000000000000000000000000000000000000000000000000000000000000000000000000000000000000
0000000000000000000000000000000000000000000000000000000000000000000000000000000000000000000000000000000000000000000000000000000000000000000000000000000000000000000000000000000
0000000000000000000000000000000000000000000000000000000000000000000000000000000000000000000000000000000000000000000000000000000000000000000000000000000000000000000000000000000
0000000000000000000000000000000000000000000000000000000000000000000000000000000000000000000000000000000000000000000000000000000000000000000000000000000000000000000000000000000
0000000000000000000000000000000000000000000000000000000000000000000000000000000000000000000000000000000000000000000000000000000000000000000000000000000000000000000000000000000
0000000000000000000000000000000000000000000000000000000000000000000000000000000000000000000000000000000000000000000000000000000000000000000000000000000000000000000000000000000
0000000000000000000000000000000000000000000000000000000000000000000000000000000000000000000000000000000000000000000000000000000000000000000000000000000000000000000000000000000
0000000000000000000000000000000000000000000000000000000000000000000000000000000000000000000000000000000000000000000000000000000000000000000000000000000000000000000000000000000
0000000000000000000000000000000000000000000000000000000000000000000000000000000000000000000000000000000000000000000000000000000000000000000000000000000000000000000000000000000